# This file may be used to create an environment using:
# $ conda create --name <env> --file <this file>
# platform: win-64
blas=1.0=mkl
bottleneck=1.4.2=py312h4b0e54e_0
brotli-python=1.0.9=py312h5da7b33_9
bzip2=1.0.8=h2bbff1b_6
ca-certificates=2024.12.31=haa95532_0
certifi=2024.12.14=py312haa95532_0
charset-normalizer=3.3.2=pyhd3eb1b0_0
expat=2.6.4=h8ddb27b_0
icc_rt=2022.1.0=h6049295_2
idna=3.7=py312haa95532_0
intel-openmp=2023.1.0=h59b6b97_46320
joblib=1.4.2=py312haa95532_0
libexpat=2.6.4=he0c23c2_0
libffi=3.4.4=hd77b12b_1
liblzma=5.6.3=h2466b09_1
libmpdec=4.0.0=h827c3e9_0
libsqlite=3.47.2=h67fdade_0
libzlib=1.3.1=h2466b09_2
markdown-it-py=2.2.0=py312haa95532_1
mdurl=0.1.0=py312haa95532_0
mkl=2023.1.0=h6b88ed4_46358
mkl-service=2.4.0=py312h827c3e9_2
mkl_fft=1.3.11=py312h827c3e9_0
mkl_random=1.2.8=py312h0158946_0
numexpr=2.10.1=py312h4cd664f_0
numpy=2.2.1=py312hfd52020_0
numpy-base=2.2.1=py312h4dde369_0
openssl=3.4.0=ha4e3fda_1
pandas=2.2.3=py312h5da7b33_0
pip=24.2=py312haa95532_0
pygments=2.15.1=py312haa95532_1
pysocks=1.7.1=py312haa95532_0
python=3.12.8=h3f84c4b_1_cpython
python-dateutil=2.9.0post0=py312haa95532_2
python-tzdata=2023.3=pyhd3eb1b0_0
python_abi=3.12=5_cp312
pytz=2024.1=py312haa95532_0
requests=2.32.3=py312haa95532_1
rich=13.9.4=py312haa95532_0
scikit-learn=1.5.2=py312h585ebfc_0
scipy=1.14.1=py312h9d85e7c_0
setuptools=72.1.0=py312haa95532_0
six=1.16.0=pyhd3eb1b0_1
sqlite=3.45.3=h2bbff1b_0
tbb=2021.8.0=h59b6b97_0
threadpoolctl=3.5.0=py312hfc267ef_0
tk=8.6.13=h5226925_1
tzdata=2024b=h04d1e81_0
ucrt=10.0.20348.0=haa95532_0
urllib3=2.2.3=py312haa95532_0
vc=14.40=haa95532_2
vc14_runtime=14.42.34433=he29a5d6_23
vs2015_runtime=14.42.34433=hdffcdeb_23
wheel=0.44.0=py312haa95532_0
win_inet_pton=1.1.0=py312haa95532_0
xz=5.4.6=h8cc25b3_1
zlib=1.3.1=h2466b09_2
